nlayers 2
nin 137
nhidden 9
nout 1
nwts 1252
w1
0.17350835 0.02984632 0.07856239 0.02850038 0.17516308 0.10218137 0.03894051 0.27040840 -0.12589640 
2.56287741 -0.19262476 -0.01322792 0.13831195 0.11252162 0.02287587 -0.01939085 0.43268618 -0.56296996 
-0.73378648 -0.01707666 -0.04239710 0.02217888 -0.05407206 -0.03823501 0.21289086 -0.38420985 0.09079991 
0.61485000 -0.02222711 -0.00645144 -0.02492135 -0.03517595 0.06901108 0.09055431 0.26325456 -0.14129453 
0.09606116 -0.16512136 -0.12289026 0.17920019 -0.00085892 -0.03638984 0.05013789 -0.16309793 0.38927210 
0.58467247 -0.18087381 -0.17284663 0.08468967 -0.18203495 0.15151532 0.20949953 0.00526091 0.40954794 
0.04721093 -0.01532750 0.05878746 -0.03046303 -0.02828273 -0.04928583 -0.05198726 0.01445725 0.14748992 
-0.05807083 -0.00180973 -0.08130866 0.01938678 0.03558758 0.11847255 -0.19211009 0.19352791 -0.19705406 
-0.46768290 0.20702303 0.07458907 -0.12609800 0.07135225 -0.11328687 -0.25918257 0.18679685 -0.19097342 
-0.00304963 -0.03254186 -0.00397297 -0.01740617 -0.00692941 -0.10489577 0.09819893 -0.03915875 0.17789585 
0.17030743 -0.02845637 0.01521386 0.09313508 -0.09289419 0.14993454 0.11881829 -0.05125178 0.10737649 
-0.10497132 0.12002964 0.06320498 0.19505825 0.12610377 -0.10799982 -0.08144094 -0.05549775 -0.10115116 
-0.14702588 0.02151402 0.04767265 -0.03780860 -0.03514968 -0.02513197 0.08339954 0.01790813 -0.14875137 
-1.11918196 0.62022588 0.27506079 -0.58686831 0.83118731 -0.45855844 -0.62646961 0.96119891 -1.05262610 
0.80907407 -0.00956264 0.07675998 0.12671156 0.36179717 -0.19521384 -0.11195840 0.18265533 -0.47942445 
-0.29449999 -0.03983362 -0.18696301 -0.02555849 0.34409157 -0.09564606 -0.13762808 0.21706112 -0.23674540 
0.32813075 -0.06265992 -0.14910978 0.11030365 -0.16512093 0.27469374 0.09304486 -0.18455630 0.21461148 
0.47289214 -0.11023362 -0.10448278 0.02531421 -0.23723637 -0.03752737 -0.10754301 0.10884764 0.21487206 
-0.27682925 0.16285390 0.02092980 -0.12939316 0.11425644 -0.09723364 -0.03591422 0.08749589 0.04713702 
0.01778363 0.13089069 0.01317159 0.02487377 0.02757097 0.04674435 -0.16103297 0.22067962 0.08558659 
0.04657587 -0.00097482 -0.12743856 0.14489079 -0.02943584 -0.11403934 0.21431675 -0.03104524 0.13228173 
-0.50311358 0.06550369 0.09833395 -0.10103458 0.17822073 -0.11499629 -0.05207789 0.05194041 0.01154842 
-0.22623229 0.18994375 -0.05813713 -0.05268590 0.11888843 -0.18508109 -0.27634715 0.11490792 -0.03341966 
-0.44349728 0.10496287 0.22204682 -0.06095401 0.14462395 -0.11665475 -0.06161288 -0.09644624 -0.07239485 
-0.20826627 -0.12169750 0.01691970 -0.11841646 0.11244571 -0.11799991 -0.12661300 -0.02234461 -0.10390437 
-0.70649610 0.06194556 0.18498721 -0.02209927 0.03063745 -0.06354859 -0.08199657 -0.04225926 -0.24864628 
1.25383115 -0.04177317 -0.10029302 -0.07931290 -0.05722976 0.08939614 0.13347138 0.04272808 -0.05543324 
-0.61778239 0.05813520 0.02967056 -0.24484563 0.12281394 -0.16121497 -0.21780571 0.01690187 -0.17870668 
-0.56250019 0.08903363 0.00630912 -0.05301691 -0.10026951 -0.06169176 -0.34476929 -0.27781723 -0.07663360 
0.19272925 -0.13443879 -0.05725077 0.03462210 -0.18596293 0.21183983 0.14832544 -0.08366728 0.08628196 
-0.19188859 -0.03955022 0.02858490 -0.02661556 0.07775594 -0.07263417 -0.05283803 0.12515673 -0.10685162 
-0.11255619 0.07857837 -0.08411847 0.10564284 -0.02120967 -0.03400961 -0.04918928 -0.16872218 0.01994002 
0.70287195 -0.24281441 -0.09175205 0.17314194 -0.33112029 0.37422565 0.25859979 -0.21839949 0.40357099 
0.09216343 -0.19657284 -0.17591230 0.09906837 0.04474629 0.08518261 0.16750988 -0.21433566 0.01754146 
0.10340008 0.07704685 0.00393775 0.04295743 -0.07564056 0.20261335 -0.00941014 -0.07078453 0.13850697 
-0.05002991 -0.08388597 -0.14470805 0.19936579 -0.13405613 -0.13114368 0.13462993 -0.09995876 0.08489025 
0.89959203 -0.52382901 -0.22345455 0.36457835 -0.79406252 0.54620863 0.81185610 -0.37570184 0.58288156 
0.13564031 -0.08653301 -0.15869054 0.10132713 -0.06880184 0.19554819 0.03409712 -0.12475754 0.11674534 
0.30029442 0.02993324 0.02171749 0.01656811 -0.18711439 0.20055833 0.08213025 0.15287177 0.10270302 
-0.12973272 0.18384484 0.01057679 0.03837768 0.03687643 0.02512295 -0.18792207 0.11221110 -0.12096403 
-0.00938795 -0.05505534 0.10989351 0.11350184 -0.06315278 0.06926496 -0.10563894 -0.03076190 0.03761720 
-0.20439587 0.06129279 0.23254512 -0.20809593 -0.11227353 -0.10626869 0.02630633 -0.21805062 -0.04364155 
-0.01361262 -0.02864098 -0.07140415 -0.00955164 -0.06815053 -0.00111955 -0.01656085 -0.11143850 0.13775318 
-0.06676657 -0.00383304 -0.05744559 0.04168412 0.09200955 -0.20257421 -0.04475554 -0.03880370 -0.04960390 
-0.57007594 0.22258844 0.09621345 -0.01300286 0.33997568 -0.15074028 -0.45662935 0.08153219 -0.25024022 
-0.18880678 0.14624004 -0.07952704 -0.01997397 0.27922924 -0.21313444 -0.17407734 0.00477575 -0.18949621 
-0.09375015 0.01506707 0.21532300 0.03727883 0.23516091 -0.03294922 -0.15518677 0.10939909 -0.19300696 
0.00146317 0.03765866 0.04828156 0.09922689 -0.03748829 0.12444458 -0.09020117 0.03214335 0.02730573 
-0.05942507 -0.05283415 -0.05376347 -0.08129910 0.02776749 -0.12215974 -0.16555613 -0.00099106 -0.19143355 
0.20468845 -0.24093322 0.08552388 0.11903018 -0.24051034 0.11796171 0.20829388 -0.10601442 0.01400645 
0.47142393 -0.14537566 -0.03511195 0.11702500 -0.19113097 0.11403498 0.26819982 -0.06143261 0.06363992 
0.31289453 -0.12204268 -0.15656362 0.12683145 -0.31458807 0.12156098 0.11999966 -0.18411416 0.14214043 
0.20880442 -0.01252930 -0.04983980 -0.00651771 -0.13190684 0.08141123 0.14175410 -0.04633644 0.10242666 
0.28727811 -0.03355614 -0.03303379 0.07175334 -0.13763025 0.04697018 0.26648660 -0.05866383 0.15632239 
0.09822341 -0.19861512 0.05849811 -0.03753491 0.03909657 -0.03333613 0.10289822 -0.01810938 -0.02472868 
-0.06660151 -0.05480362 0.04658364 0.12951379 -0.05081538 0.02270783 0.03093677 0.17685315 0.23462287 
-0.04248905 0.00224004 -0.03977543 0.04794610 -0.13369912 -0.01509870 0.07273588 -0.05637201 0.19917535 
-0.08775218 0.03571706 -0.04937556 -0.00989336 -0.05492463 0.06403335 -0.05901210 -0.07464924 -0.06689861 
0.12530081 -0.01415553 0.05310326 0.05671152 -0.18117221 0.13351271 0.24123281 0.00422705 0.02931424 
-0.13737442 -0.13867041 0.00117569 0.03222403 -0.21606015 -0.08974355 0.21894819 -0.16995561 0.15202050 
0.04889605 -0.23016406 -0.10124462 -0.06861658 -0.04315526 0.07970548 -0.00232901 0.03127193 -0.09354186 
0.26988174 0.06337414 -0.09932471 0.12409276 0.06167250 0.08544958 0.14708966 -0.12666203 0.21706526 
-0.14611156 0.07753346 0.05215937 0.01923124 -0.02421039 0.08626611 -0.09714611 0.12676309 -0.18543908 
0.08600805 -0.06199813 -0.02387310 0.01380025 0.10886700 -0.10562552 0.13991531 0.03621925 0.18585125 
-0.16232769 0.01240983 -0.05692873 -0.13722940 0.05009522 -0.18199376 -0.09171937 0.12563017 -0.04467872 
-0.19239056 -0.09340433 -0.01345471 -0.11823652 0.11882518 -0.09669666 -0.08701019 -0.05519163 0.01581592 
-0.08053195 0.04888296 0.12693505 0.00493374 -0.04503895 -0.00694806 0.09413934 -0.10824191 0.15148740 
0.11901572 0.11014997 0.10744003 -0.05424936 -0.01249145 -0.05630545 0.21677496 -0.02978259 0.17812963 
-0.47715274 0.21286853 0.24662705 -0.20225476 0.11431421 -0.17266769 -0.41169015 0.44769220 -0.25424131 
0.16787514 0.10208841 -0.06510078 -0.04753379 0.02268373 -0.07211985 0.00789402 -0.14180044 0.06317453 
0.03127502 0.00564100 0.07276240 -0.00238797 0.00040719 0.04915178 0.02146437 0.09483481 0.06301536 
-0.11195414 0.13695081 0.00598559 -0.06401955 0.10493311 -0.04495264 -0.00341935 0.03127155 -0.06196209 
-0.49773756 0.12092948 0.07310909 -0.08182020 0.21957949 -0.24665051 -0.20534863 -0.06703559 -0.06317266 
0.07187773 0.03310844 -0.06889736 0.18381479 -0.03627434 -0.12780135 -0.05088154 -0.13063110 0.04750161 
-0.04189725 -0.10644289 0.04057348 -0.30563628 0.01486338 0.04207348 -0.03116166 0.11725512 0.06371302 
-0.02359373 -0.08919628 0.00756226 0.02702776 -0.34232088 -0.17035498 -0.09625394 -0.03150455 -0.01709477 
-0.00446680 0.01559905 -0.03429326 -0.01044806 -0.04044016 0.17724568 -0.08548621 0.05359243 -0.01432811 
-0.82004444 0.28999507 0.30327621 -0.24479486 0.45678674 -0.29150486 -0.51465381 0.43587038 -0.38936134 
-0.24172480 -0.09040970 0.05830485 0.08543250 -0.10954180 -0.19406281 0.07239420 0.18334746 0.06673287 
-0.39078595 0.01709533 0.11114315 -0.02394170 0.04757069 -0.02154541 -0.12194880 0.15515847 -0.05509763 
0.00525992 -0.01036279 -0.00768799 0.14802459 -0.03279371 -0.06057009 0.05896330 -0.05346622 0.09028679 
0.16967975 -0.04682353 -0.02176767 0.01073020 -0.26208386 -0.07761407 -0.02435090 -0.09542862 0.13111655 
0.20513530 -0.20113883 0.10122783 -0.10203896 0.11157804 0.16707135 0.20098533 0.03086667 0.02532302 
-0.73445812 0.23438772 0.06962862 -0.18200342 0.37708318 -0.21364458 -0.45741873 0.05132352 -0.27169615 
0.10870863 0.03407752 0.06709692 0.11116326 -0.13339000 -0.00695975 0.08389184 -0.17681181 -0.03653955 
-0.22168446 0.09922321 0.10526434 -0.02244724 0.03315998 -0.04642746 -0.03155040 -0.03398159 -0.04715249 
-0.20105104 -0.08948237 0.01749555 -0.02282584 -0.05088758 -0.00586823 -0.11985443 -0.05446245 -0.11392040 
-0.02754470 0.09053844 0.04816044 0.19035168 0.21331785 -0.03085274 -0.01702821 -0.01360351 0.02661093 
0.22904082 0.07101101 -0.08052774 0.04586082 -0.16525428 0.11456116 0.10556798 -0.03694972 0.02138726 
0.16614080 -0.08977277 -0.11436506 0.07240121 0.08195915 0.20118856 0.07235112 -0.12139368 0.04242420 
-0.04907600 -0.13542779 -0.14571020 -0.07519341 0.04215615 -0.05950811 -0.12224217 0.09280923 0.06699195 
0.09263596 -0.12704443 0.00688121 -0.03125110 0.11897269 -0.07032115 -0.02756910 0.03666204 0.08985396 
-0.19330273 0.02454968 0.05196341 0.03066835 0.12006885 0.13168801 0.02246511 -0.04785481 0.13067030 
-0.10963929 0.05966260 -0.04312655 0.03567443 -0.27775521 -0.04414392 0.13520203 0.27196677 0.09082999 
-0.05687439 0.10414627 -0.06510725 -0.14309016 -0.16522619 -0.04376845 0.07090847 0.00724585 0.03576394 
0.01460567 0.13421809 -0.06991864 0.00122355 -0.30172251 -0.05799041 0.01432394 0.32879286 0.29043617 
-0.12382269 -0.11115171 -0.04010006 -0.09401561 0.10990931 0.14193746 -0.10445222 -0.04137294 0.24341680 
0.07504530 -0.18695370 -0.02966584 -0.04405653 -0.16819498 0.06144692 -0.00782982 0.30413656 0.03115965 
-0.01309841 0.00419111 -0.09184916 -0.05137692 -0.07852704 -0.03944697 -0.14902930 -0.03829058 0.21359308 
-0.01300916 -0.05226803 0.28386457 -0.13760659 -0.20291740 -0.04867797 -0.13819618 -0.15024697 0.07979996 
0.02412839 0.26251387 0.05266050 -0.00994002 -0.10064093 -0.08275296 0.09515145 0.18852353 0.34880043 
-0.09710953 0.05486966 0.00733950 -0.17701593 -0.19434774 -0.07707199 -0.15528532 -0.16187283 0.22743651 
-0.29697303 0.04056176 -0.11260796 -0.06265725 0.25953215 0.24496087 -0.00549329 -0.33212282 -0.00544137 
-0.16544530 -0.14361639 -0.06670085 -0.05416412 0.00530725 0.17693952 0.02136609 0.10890278 0.16134607 
-0.23677630 -0.34520945 -0.10096582 0.18760013 0.22997912 -0.02355753 0.28750033 0.25721069 -0.11652947 
-0.29711047 -0.09006970 -0.15021342 0.08579781 -0.22422001 0.08606548 0.00958108 0.28796157 0.21385449 
-0.10679754 0.16770183 -0.01873564 0.01596190 0.02096354 0.04303217 -0.18075799 -0.35790163 0.03899734 
-0.12956874 0.09615506 -0.05458001 0.05943093 -0.29065855 0.12614645 0.15306252 0.48241032 0.21718120 
-0.24549016 0.05109915 0.00641111 0.07073016 0.00920358 -0.15576447 -0.02081696 -0.33052864 0.07026532 
-0.10266165 0.00011306 -0.15808573 0.17938298 0.83348876 0.17268131 0.17160508 -0.00621896 -0.07810446 
-0.34678913 0.02493174 -0.02683749 -0.05464528 -0.09848634 0.19646960 -0.04392891 -0.04188655 0.35858226 
-0.23775655 -0.07980662 -0.12161490 0.02185358 0.08932116 0.03675070 -0.05286426 -0.12689279 0.02711242 
-0.45407828 -0.08845706 0.02015723 -0.08376096 -0.34380658 -0.05635648 0.30806896 0.06570960 0.50010877 
-0.37016906 -0.13199377 0.12621864 0.07372334 -0.14293409 0.04725390 0.18876531 0.15338287 0.51710851 
0.14316786 -0.02144017 -0.04591868 -0.02834281 0.20476953 0.04260294 0.21236875 0.79797955 -0.18288520 
-0.28144011 -0.22980020 0.28317808 0.09807244 -0.07823862 0.19086084 0.19966356 0.15601637 0.04459180 
0.15714726 -0.32297204 -0.19053488 0.08729756 0.01580636 -0.03553954 -0.05115320 0.94592911 -0.05040572 
-0.24728197 -0.05185447 0.03119185 0.03140049 0.01532067 0.16877244 0.29837058 -0.01932934 -0.30436036 
-0.32438061 0.09488384 -0.05945795 0.08876606 -0.13445713 0.15297066 0.12188699 -0.17321024 -0.04758064 
-0.25652160 0.12943050 -0.20461328 0.01321398 0.04269382 0.27208471 0.14526576 0.13394316 0.18654600 
-0.01827037 0.09682877 0.10940233 -0.14360580 -0.14853724 0.03606067 0.15319166 0.22802008 -0.04142773 
-0.19046847 0.06295286 0.00272199 -0.01148274 -0.05537398 0.13381702 0.25953191 0.14857949 -0.06714540 
-0.10896609 0.00730897 -0.02971334 0.04374132 -0.31114226 0.13657986 0.07317271 0.45253853 0.09949741 
-0.22470602 -0.10956606 -0.07187214 0.11404529 -0.11957259 0.19260618 0.27229610 0.22354095 -0.31733950 
-0.07669852 -0.01403040 -0.10141391 -0.06914561 0.06145859 -0.19611890 0.11089063 -0.19518696 -0.03331520 
0.02893088 0.07478944 -0.01970873 -0.02545932 -0.02143850 -0.02881636 -0.05778808 -0.03573265 0.01714778 
0.24581971 -0.14071623 0.11339432 -0.16387309 -0.21506333 -0.09681347 -0.19914834 0.16064097 0.20421852 
-0.04989203 0.09561682 0.06948387 -0.12036754 0.01643960 0.02871646 0.09844841 -0.20507735 -0.14013908 
0.07973386 0.30139915 -0.04668291 -0.02622609 0.01256356 0.05657207 -0.04924414 0.14434346 0.36786092 
0.01980067 0.04211518 -0.10073515 0.01553365 -0.00868260 -0.03262921 0.01908496 -0.07618813 -0.22732857 
0.49389412 0.03432089 0.23647596 -0.01717285 0.24295789 -0.26838135 -0.55058251 -0.65154754 0.03670483 
0.32822265 -0.01846778 -0.02465495 -0.04923978 0.11573249 -0.09189936 -0.30970248 -0.36335869 -0.19430874 
0.75320638 -0.04230368 0.09702359 -0.00149811 -0.11173314 -0.38617873 -0.37271728 -0.14647387 -0.15623426 
0.43059124 -0.28516071 0.06440517 -0.04882036 0.51542401 -0.13062413 -0.39914108 -0.56649684 -0.24220719 
0.53902089 -0.32193261 -0.02938294 0.00558630 0.35280060 -0.54351496 -0.30791568 -0.33278566 -0.04413900 
0.18872962 0.18105141 -0.11809542 -0.07493846 0.07175592 -0.18892278 -0.18814845 -0.52100650 -0.25181312 
0.10712820 -0.20770573 0.03601229 0.06044261 -0.14854774 0.03342579 -0.14406790 -0.08199472 -0.48439863 
b1
0.44318416 -0.45138303 -0.15170803 0.06232214 0.67693462 -0.51008442 -0.25333863 0.39496268 -0.53317624 
w2
-3.05025933
0.90674081
0.39204394
-0.61845000
1.09633619
-0.95037336
-1.59955757
1.21070391
-1.35133318
b2
0.02606990
errfunc linear