nlayers 2
nin 137
nhidden 9
nout 1
nwts 1252
w1
-0.15469360 -0.17273857 -0.61607216 0.08246643 0.19239931 -0.21286926 0.58686611 0.21267006 0.03733802 
-0.07729150 0.03548544 2.32686699 -0.17758019 0.74850466 0.28324715 -0.09290876 -0.21467103 -0.53214427 
-0.10560536 -0.02971779 -0.43560654 0.27677253 -0.01470320 0.10060700 0.16172178 0.03450129 0.28369622 
0.08598563 0.14503866 -0.01638914 0.03697326 0.55630070 0.20569725 0.27180857 -0.01402509 -0.07754769 
0.01379048 0.06259912 0.05187050 0.18034647 0.29540350 0.02814473 0.25650123 -0.07757712 0.27821340 
0.21300429 0.27578291 0.23347410 -0.00359019 0.48941142 -0.20841963 0.47301995 -0.21186266 0.45764147 
-0.02623165 -0.05346820 0.06841391 -0.00346985 0.06955811 0.00620130 -0.00353560 -0.04829965 0.05075434 
0.00766909 -0.16154471 0.05163817 0.13073930 0.03683328 -0.01772837 0.00904386 -0.00379696 0.20798598 
-0.07784550 -0.03714602 -0.32656476 -0.14934283 -0.41682328 0.08110573 -0.04229994 -0.02340443 -0.17627255 
-0.01745676 -0.00816880 -0.07838018 -0.09810581 -0.16421646 0.01589340 -0.27412579 0.00187701 0.02499813 
0.00388392 -0.08287513 0.07306558 0.14396771 0.01595489 0.06310582 -0.13313670 -0.03528344 0.07662346 
0.06643208 -0.08479540 0.02934473 0.06678612 -0.01430069 0.04361596 -0.00440499 0.02695418 -0.01711468 
0.00467718 -0.07519488 -0.09060714 0.11499353 0.06183855 0.01641328 -0.07751984 0.07454285 0.05190999 
-0.27200558 -0.54934615 -1.69379475 -0.20565274 -0.39003248 0.29753465 -0.07201994 0.18305579 -1.01105085 
-0.09194695 0.05045883 0.63533257 -0.13213833 0.24453229 0.09417727 -0.80979108 -0.00482965 -0.60862784 
-0.12465928 -0.02922593 -0.98850944 -0.01849364 0.16499142 0.21664381 0.29999056 0.08455441 -0.07955472 
0.07515083 0.03029665 0.41733654 -0.17763378 0.23076333 -0.04741435 0.01255101 -0.02392398 0.09694449 
0.15936948 0.05099877 0.82480085 -0.41174165 0.13047606 -0.13072469 -0.34838955 -0.16425034 0.05166430 
-0.03500083 0.00637879 -0.20659039 -0.13074159 -0.07496204 0.07475809 -0.00901170 0.08743372 -0.04508800 
0.05712263 0.04238540 -0.12353154 0.02182453 0.11042054 -0.15366196 -0.14203936 0.03178113 0.09264893 
0.04957900 0.05553005 -0.01509674 0.01858176 0.05444648 -0.11516817 -0.10472163 -0.02961616 0.12281880 
-0.10025408 -0.12692501 -0.21273810 -0.10451831 -0.20810555 0.05101171 -0.26663172 -0.03628684 -0.23239138 
-0.08967897 -0.01763623 -0.17971188 -0.09098138 0.13570083 -0.05394688 -0.23729204 0.08582054 0.01148354 
-0.12035841 -0.12732050 -0.40398994 -0.10726436 -0.23979473 -0.04007605 -0.33413344 -0.00904170 -0.32756765 
-0.06850362 -0.19537424 -0.13754708 -0.18005724 -0.12964915 0.13545009 -0.08407929 0.00191041 -0.13122858 
0.08780255 -0.17548193 -0.51007765 0.11426685 -0.24938690 0.20744994 -0.26252433 0.07556449 -0.07472797 
0.11107350 0.12475198 0.90811162 -0.05226441 0.62027555 0.21434723 0.32560629 -0.03587981 0.01683300 
-0.03571867 -0.12021404 -0.50685888 -0.00319288 -0.24892885 0.22564617 -0.36291988 0.04527495 -0.03348217 
-0.13862939 -0.11785081 -0.44412890 0.07454308 -0.38977240 0.07839736 -0.44395330 0.03326421 0.10247163 
0.02465107 0.10974255 0.29357270 0.15311086 0.32734240 -0.17748341 0.11510017 -0.12333894 0.20648333 
-0.03550858 -0.00811985 -0.17101815 -0.04288021 -0.25284238 -0.04193218 -0.24067386 0.17409237 -0.16399381 
-0.01775092 -0.06237523 -0.03051125 0.02217114 -0.14735112 0.12152081 -0.10437798 0.04930216 -0.06860958 
0.22460568 0.14267853 0.74128208 0.18870024 0.41147528 -0.19264688 0.45098801 0.04689492 0.48660194 
0.02875758 -0.10969873 -0.00994106 0.10241547 0.10545825 -0.07469240 0.35369159 -0.19168205 0.06552967 
0.10288411 0.00425626 0.05480944 0.15681829 -0.02751143 -0.01288552 0.22412459 -0.03966952 0.10145280 
-0.00547137 0.03172502 0.14401771 0.03236279 0.09731268 0.06236771 0.17087707 0.05441085 0.04136183 
0.14600439 0.22941772 0.86719190 0.39236016 0.57836080 -0.25736051 0.84855608 -0.14808546 0.82334359 
0.12223777 0.04358878 0.11864666 0.15182426 0.32906070 -0.15149697 0.21782593 -0.01618541 0.14109421 
0.03884930 0.04474167 0.15714315 0.11933658 0.13309557 -0.13486231 0.24267921 -0.11978443 -0.00495547 
-0.10923257 -0.02338708 -0.28153846 -0.10454629 -0.18417962 -0.00207895 -0.31683041 0.17087821 -0.21567771 
-0.02053726 -0.06669020 0.10138998 0.00140807 0.03879602 -0.24112294 0.10759406 -0.06342579 -0.07836331 
-0.00243574 -0.04654787 -0.07539525 0.09550159 0.03863537 -0.03570356 -0.10649563 0.07813263 0.08258124 
0.15973274 0.09579410 0.08975795 0.05600542 -0.08992451 -0.07517272 -0.01967737 -0.09094949 0.16719091 
-0.03330182 -0.13257518 -0.26090561 -0.07805549 -0.07961619 0.10003515 -0.06000316 0.02839813 -0.26171700 
-0.10087133 -0.11751188 -0.55896545 0.07213254 -0.25308156 0.20915311 -0.43162256 0.09531474 -0.43463367 
0.00562901 0.02322357 -0.10586883 -0.11418068 -0.10442754 -0.02193605 -0.13253228 -0.08590655 -0.16118513 
-0.13756726 -0.08334854 -0.21918413 0.12566751 -0.23442482 -0.03460894 -0.24920016 0.14780014 -0.07205991 
-0.03789972 -0.23145238 0.12253427 0.16408580 -0.05122172 0.11681644 -0.04045568 0.06639620 -0.07530332 
-0.03396170 -0.03384339 0.06116512 0.00482567 -0.07093742 0.20534691 -0.24972800 -0.09205778 -0.06483625 
0.01218113 0.02303291 0.20721068 0.07787898 0.18968020 0.06364181 0.02248937 -0.15205526 -0.02457483 
0.26447764 -0.01347139 0.60280855 0.11661472 0.21723615 -0.11911951 0.32933141 -0.14509242 0.20586532 
0.03004820 0.11393049 0.25918806 0.06348337 0.14810945 -0.12351524 0.30923013 -0.27994344 0.34630004 
0.14956246 -0.12243324 0.31774524 -0.01900141 0.18760666 -0.14639927 0.21262074 0.05136780 0.25626494 
0.18691006 0.16642558 0.00126051 0.16866081 0.19491721 -0.01919672 0.23962251 0.04615683 0.10781436 
0.01129471 -0.00242444 0.07672246 0.00479685 0.03152865 -0.05399741 0.27234056 0.08161698 0.08222005 
-0.04481091 -0.00944870 -0.06116611 -0.01673945 -0.39343622 -0.08845995 0.23572333 0.08475202 0.10019867 
0.20869444 0.14240835 0.09735311 0.15262441 -0.12929806 -0.12934272 0.09363263 0.00411015 0.23572567 
0.04966558 -0.09588754 -0.09758484 0.11059539 -0.04739419 -0.09880421 -0.01158027 0.00024717 0.04644597 
-0.12374352 0.12254231 0.56252942 -0.08127116 0.08462939 -0.09946126 0.03655101 -0.08024553 0.06148766 
0.08790794 0.08492368 0.34393057 0.11893630 -0.12597488 -0.02674768 -0.01229035 0.09767366 0.16793771 
0.06559877 -0.02301122 0.06847043 -0.07196736 -0.03878212 -0.14192087 -0.03891217 0.03611635 0.03473874 
0.05434232 0.08659910 0.33591501 0.01056762 0.13154331 0.02705977 0.10452172 -0.08881832 0.22182385 
-0.20474139 -0.08732537 -0.09317629 0.03721283 -0.04422303 -0.09528123 -0.18525772 0.11255402 -0.22030685 
-0.01596379 0.02897159 0.11862294 -0.00457178 0.02359565 0.09511646 -0.04378020 -0.00347796 0.18583715 
-0.09522519 -0.01172494 -0.18867323 0.02981213 -0.10871087 0.04638359 -0.33732859 0.01808282 -0.04754025 
-0.08477368 -0.10138289 -0.44309059 -0.17501728 -0.15814421 0.00437103 -0.13291193 0.12797072 -0.39744928 
0.00732565 -0.02535566 0.24032455 0.03661919 0.04047194 0.06416802 0.19128700 0.00681469 0.30731428 
0.09309902 -0.01741211 0.06798196 -0.00165307 0.11629903 -0.09017366 0.06495772 -0.00114918 0.04287676 
-0.01831297 -0.08417793 -0.54286804 -0.10319014 -0.25952638 0.31085517 -0.37541817 0.14206556 -0.41250778 
0.10735135 0.02324813 0.04180845 -0.01723054 -0.00923503 0.09342411 0.00309767 -0.02972008 -0.04066225 
0.04541440 0.07612233 0.13504087 0.04872562 -0.09286005 -0.10472067 -0.10510133 0.23809955 -0.02449635 
-0.08875116 -0.07914108 -0.03192441 -0.02066900 0.00851381 0.01947224 -0.14802657 -0.01852191 -0.15670134 
-0.06739924 -0.31804463 -0.41573308 -0.15244563 -0.23148182 0.25042720 -0.36887120 0.05080494 -0.32693085 
0.07821087 0.10503896 -0.07104076 0.03149314 0.05676413 0.07810245 0.04947500 0.06701078 -0.01004662 
0.04478775 -0.02886690 -0.05423415 -0.19809821 -0.08807020 -0.01496777 0.03718914 0.00146910 -0.11071901 
-0.15789871 0.07216694 -0.05148535 -0.02517703 -0.11291532 0.22579398 -0.07053603 -0.06293595 0.09801745 
-0.08922082 0.01476165 0.01764270 -0.05240313 -0.14313449 0.19993630 -0.06790514 0.08654584 0.16569683 
-0.30020586 -0.16329702 -0.82242459 -0.32435085 -0.53559174 0.10875187 -0.87033774 -0.19132993 -0.81986568 
-0.07153481 0.09941517 -0.13763050 0.03217040 -0.08557586 -0.12861688 -0.17394018 -0.07333888 -0.11155829 
-0.05018222 -0.11451218 -0.45310324 -0.04292628 -0.11197856 0.00514263 -0.22749101 0.14457800 -0.22296483 
-0.10616412 -0.09193496 -0.02651871 0.10392232 0.04432758 -0.01427399 -0.02780048 0.08764164 -0.10197147 
0.00602315 0.01223001 0.05474236 -0.06705255 0.18947514 -0.14097554 0.25431128 0.01989458 0.31576744 
0.03064803 -0.06433318 0.05299493 0.19907503 0.00834419 -0.04554641 0.12132675 -0.05809742 0.20759438 
-0.32064059 -0.20107308 -0.75736959 -0.23012904 -0.40704732 0.20510686 -0.59796185 -0.01539375 -0.65238433 
0.03086134 0.06738903 0.14128898 -0.06708757 -0.02522224 -0.03216043 0.13392473 0.09517782 0.13064133 
-0.03674861 -0.16633653 0.04247808 0.01053110 -0.00560769 0.13042500 -0.17440515 0.09384348 0.02818788 
-0.08545400 -0.12284906 -0.18835014 -0.11511921 -0.12370237 0.11870178 -0.11151461 -0.07305372 -0.14623075 
-0.07639641 0.01078699 -0.02821571 -0.04433295 -0.16687878 -0.02254549 0.17123136 0.04267470 0.01871966 
0.10085762 0.14626119 0.27505281 0.11705226 0.00349058 0.05138468 -0.04147318 0.19501509 0.06443442 
0.10265609 0.09385185 0.09149565 0.15847534 0.08570598 0.01318347 0.01685373 0.01607806 0.14443869 
-0.05938611 -0.22063690 -0.19553975 0.01355803 -0.14308416 0.10043818 -0.15945369 0.05574472 -0.15052616 
0.07514525 0.26912183 0.16847763 -0.08465165 0.18447721 0.07439077 0.06559047 0.02598289 -0.25295593 
0.01768116 -0.01732533 -0.00633183 -0.02243595 -0.05439337 0.08817077 -0.00867981 0.02289602 0.01618415 
-0.13559658 -0.06803782 -0.05735527 -0.09956311 -0.16554294 -0.12552235 0.33507788 0.00212283 -0.20415281 
-0.02700241 -0.09757337 0.22225872 -0.18657856 0.00935038 0.12012104 -0.16100808 -0.00779926 -0.00426057 
0.03506328 0.10092703 -0.10598040 -0.28277462 0.42707592 -0.03827300 0.12084269 0.02838227 -0.13225171 
-0.16345494 -0.14675459 0.12213122 0.06105690 -0.25843798 -0.00202433 -0.05872497 -0.00494458 0.00888008 
0.02762894 0.08517702 0.30976584 -0.20621568 0.07394640 -0.07747230 -0.10377606 -0.12879922 -0.19121432 
-0.08270061 0.01467590 0.02965675 0.04724586 -0.07069653 -0.09597507 -0.00048134 -0.06192583 -0.05244584 
-0.09085072 0.12563301 0.13459601 0.06968139 -0.02676993 0.22847676 0.02302774 -0.02786433 -0.19787028 
-0.25059169 -0.09973431 0.01439679 -0.17069861 0.49974066 -0.21410804 0.04595124 0.01417666 -0.33691487 
0.10956293 0.02162901 0.13952897 -0.07559012 -0.00907157 0.11812951 -0.12654393 -0.06455923 0.05374057 
0.10462905 -0.10905598 -0.20399562 0.07355663 -0.06897561 0.01212252 -0.07833768 -0.00407162 0.26271030 
0.09708803 0.05326626 -0.11439464 0.04520012 -0.27777006 -0.04146730 0.23333420 0.07177367 -0.02606153 
0.01685152 0.08510186 -0.30128848 0.12019355 -0.22331836 0.11345982 0.45620362 0.07742227 -0.13070977 
0.21716088 0.10350603 -0.28176128 0.01437886 -0.18052848 0.19950749 0.24388349 0.03648576 0.11680884 
-0.05756825 0.02007718 -0.06420156 -0.15624801 -0.06649850 0.06517260 0.04063827 -0.03229094 0.11039680 
0.01596553 0.02256380 -0.18579437 -0.30320961 0.05760875 0.06606573 0.26154741 -0.03430311 0.06353402 
0.04172160 0.10193512 -0.03911723 0.00071952 -0.08492196 0.11768002 -0.10442509 0.08578755 0.10272625 
-0.02739789 0.04118538 -0.36149762 0.23176003 -0.15704719 0.45770250 0.32908166 -0.10862436 0.14678173 
0.00265351 -0.04991348 -0.07107234 -0.06096085 -0.16369220 -0.17033285 0.00932938 -0.06113423 0.09573474 
0.06250310 0.00447637 -0.28199462 0.00676007 0.05662618 -0.01398158 0.03486912 0.01787851 0.07119319 
-0.02309095 0.02056131 0.19396963 -0.01925413 -0.60645365 -0.29911150 0.19786074 -0.08078646 -0.24928131 
-0.09821053 -0.24948383 0.04864069 -0.17175416 -0.48823001 -0.32422763 0.25789093 0.10973011 -0.25846493 
0.07553503 0.00156129 -0.90647250 0.12694462 -0.26093905 -0.09115350 0.84803944 -0.05851716 0.07584062 
0.13049938 -0.04914702 -0.41880551 0.00471626 -0.60292229 -0.28993373 0.50120201 -0.10548156 0.24716567 
0.07290803 -0.03344654 -0.76932038 -0.06533260 -0.35093135 -0.43529954 0.89107096 -0.16623105 -0.17595009 
-0.05080335 -0.08681921 -0.38522346 0.03118476 -0.42033323 0.14524910 0.46832029 0.08812639 0.10552032 
-0.02572004 -0.10654169 -0.30834470 0.10968589 -0.09846115 -0.05476415 -0.01516881 0.03769585 0.27117563 
-0.17357383 -0.04288402 -0.09089901 -0.03964589 -0.03202093 -0.00104607 -0.06359522 0.04538873 0.09566554 
-0.02305645 0.00916552 -0.49984790 -0.00371445 0.13697409 -0.09977835 0.21631191 0.07576411 0.15459163 
0.04551176 0.06898932 -0.45006653 0.00398806 -0.07983411 -0.01557054 0.22495415 0.11558056 0.30863728 
0.03257817 -0.09001830 -0.24033785 0.01746275 0.11133563 0.09829990 0.16623602 -0.00775304 -0.05531323 
-0.01014140 0.06853086 -0.34559220 -0.17716730 -0.16088762 0.22914781 0.33317663 -0.21563435 0.22457855 
0.05547585 -0.04858537 -0.18516636 0.06792443 0.09042848 0.11426362 -0.17447989 -0.05648077 0.35417458 
-0.00650555 0.00601380 -0.36567831 0.09029769 0.07855415 0.05950804 0.19554736 0.04506081 0.04830867 
-0.03934191 0.08062776 0.08258842 -0.06660839 0.21898940 -0.24493153 -0.17282123 0.02735584 -0.04581209 
0.10186058 -0.12926759 -0.23733120 0.13057188 0.10140404 0.27490678 0.01193361 -0.02876147 0.21255858 
-0.07699876 0.01009465 0.00274464 -0.17076598 0.39470302 -0.00662877 0.03352433 -0.03003034 -0.29735527 
-0.01985188 -0.08375739 -0.09630283 -0.10566013 0.09714523 0.29855192 0.10340294 0.03237264 -0.05066788 
0.04964686 0.06366274 0.84387007 -0.12140895 0.68303988 0.12094319 -0.97705190 -0.05508100 -0.33222338 
-0.12966780 0.07943589 0.73352850 -0.26774804 0.36703757 0.20803051 -0.82699166 0.02292348 -0.02818471 
0.04397561 0.13379937 0.89623096 -0.20229403 0.60232535 0.14350496 -0.82285807 -0.19970621 -0.21751828 
0.08465756 0.07979798 0.70579481 0.06067670 0.25919950 0.20263385 -0.69935661 -0.08686091 -0.24275561 
0.10851984 0.05884067 1.03608309 -0.27682807 0.73558633 -0.18133339 -1.12270164 0.11266189 -0.46685485 
0.03418619 -0.06652062 0.50598498 -0.00917680 0.15063838 0.46132924 -0.67193329 0.01657661 0.06475737 
0.13241582 0.36300248 -0.17077519 0.08042335 0.06232546 0.67253800 0.06040974 -0.02815790 0.26296657 
b1
0.05842498 0.03091903 0.27672799 -0.31116637 0.68944371 0.46793042 -0.60339371 -0.04624509 -0.51659965 
w2
-0.17237415
-0.12300774
-2.22349057
-0.65960473
-1.71191797
0.84080530
-2.05570462
-0.17938686
-1.35592956
b2
-0.08653938
errfunc linear