nlayers 2
nin 137
nhidden 9
nout 1
nwts 1252
w1
-0.15807990 -1.30215673 -0.01328325 -1.13846426 -0.25524651 -0.22977135 0.10956043 0.16665637 0.11907250 
-0.13902104 2.70593629 -0.03109176 0.74810985 0.41831223 0.02900661 1.50304585 -0.52504046 -0.13232927 
-0.22219185 -0.86040965 -0.02725528 -0.76726765 -0.27632940 -0.15092649 -0.38861248 0.26033881 -0.15676440 
-0.32015688 -0.25868397 -0.08102403 -0.40951626 0.07212456 -0.12149327 0.46677743 -0.09673731 -0.05053641 
0.18275423 0.02354881 -0.11395078 -0.16068525 0.03135201 0.23980592 0.25434223 -0.04221597 0.16675013 
0.10633605 0.39381180 0.04957963 -0.30768301 0.09117093 0.15282889 0.59218534 -0.24149358 0.20141781 
0.17756863 0.12046792 0.16941470 0.01260122 0.04263447 0.06974264 0.06797108 -0.05249082 0.11698900 
0.01694117 0.11136614 0.06433293 -0.06560778 -0.07148398 0.13206013 0.00927565 0.05549426 -0.02827393 
-0.13459573 -0.35285638 0.21011600 0.47699655 -0.11995054 0.03249314 -0.32956198 -0.08631818 -0.01824583 
0.00858455 -0.11525918 -0.03642468 0.27380102 0.15791981 0.07167004 -0.05298568 -0.10733604 0.00434873 
0.00089277 0.02859646 -0.06244073 -0.01822390 -0.05271743 0.04173618 -0.07473504 0.05465099 0.07804567 
0.08471003 -0.11822468 -0.02105497 -0.14308446 -0.04915909 0.04300158 -0.21762254 0.25364921 -0.02603587 
0.08292307 -0.09436374 0.13507995 0.04810864 -0.02730425 -0.13867281 -0.22204996 0.02214887 -0.09126135 
-0.74835030 -2.77483627 0.04319718 -0.26641167 -0.30743571 -0.09833574 -0.90047371 0.20878670 -0.27686948 
0.05563093 1.13408330 -0.06145732 1.13389201 0.18805230 0.07162662 0.33042647 -0.24752370 -0.62311903 
-0.31588490 -1.72166466 -0.04870487 -0.84253445 -0.20689470 -0.17119506 -0.01453436 0.22323109 -0.10860596 
0.11105566 0.57132911 0.01396988 0.20583421 0.12584613 0.13320328 0.79611400 -0.27776325 0.31864391 
0.29411132 1.59726842 -0.23076601 0.87595403 0.49494069 0.27820964 0.53881346 -0.37479612 0.02691167 
-0.03305555 -0.01057777 0.10250653 0.19577530 0.04823610 0.22848894 -0.15696110 -0.11105840 0.13969820 
-0.00338042 0.02370233 0.03259768 0.00051322 -0.09245538 -0.04367838 -0.04790228 -0.05324564 -0.04084008 
0.21392702 0.03746197 0.08055128 0.11157250 -0.01557646 -0.01647282 -0.05513527 0.10189932 0.05809555 
-0.15876971 -0.25881977 -0.09883514 0.25770292 0.13353623 0.09158411 -0.27290585 0.12189233 -0.06185523 
-0.05868018 -0.20057584 0.06564931 0.07089095 -0.09459520 0.09876611 0.08884380 0.13984458 -0.07436302 
-0.18947503 -0.59495635 0.12649947 0.41387865 0.12540812 0.07624276 -0.46838249 0.04832976 -0.12007651 
0.09837908 -0.13530835 -0.03268808 0.06137351 -0.10354669 0.01092112 -0.04575664 0.05082180 -0.23168061 
-0.06277893 -0.80132332 0.08474673 -0.15475881 -0.06801099 -0.18332273 -0.73355481 0.32216063 -0.33815280 
-0.30146617 0.92854728 -0.03866361 -0.55718137 0.12883527 -0.01364806 1.00393951 -0.48626752 -0.19649409 
0.02318727 -0.48325508 -0.10987767 0.36240189 0.10322769 -0.05416350 -0.43007396 0.06519819 -0.06159709 
0.00688885 -0.27151277 -0.02628413 0.25326481 -0.13609976 -0.21417020 -0.65069327 0.28307494 -0.00312443 
0.09814173 0.25883426 0.01858785 0.01240674 -0.03907527 0.10755110 0.24922792 -0.05482715 0.12100045 
-0.00841334 -0.29343438 -0.05476241 0.14200553 -0.03955551 -0.10989823 -0.16119897 0.00350161 -0.06663422 
0.05550013 0.08347145 0.00030776 0.04518186 0.03048203 -0.03362894 -0.03743928 0.15850493 0.19430279 
0.15405283 1.02359795 -0.15351300 -0.47546590 0.10186258 -0.00982836 0.76346057 -0.03242322 0.36604445 
-0.03455019 0.17545714 0.09334063 -0.13448836 -0.07865500 0.07267556 -0.03077182 0.13183318 0.00780817 
-0.06241527 0.17854270 -0.00561318 -0.11106510 0.02786679 0.03048863 0.06641958 0.29644189 -0.01181268 
0.06830538 -0.03128046 0.03731746 0.02904299 0.06308803 -0.07980530 -0.05970573 0.13116254 0.02073804 
0.26438572 1.00538889 0.10741642 -0.89981333 -0.03806734 0.02234901 1.01181790 0.31965330 0.33902644 
0.04705804 0.28298393 0.01648702 -0.06161259 0.04391623 0.00564835 0.53436446 -0.15703758 0.15454133 
0.26623429 0.48502996 -0.05944900 0.18207387 0.09172388 0.22026878 0.37640051 -0.19070272 0.13857699 
-0.03121101 -0.20622170 0.12068651 0.22040188 0.15122700 -0.14129644 -0.14887563 0.06014933 -0.25514054 
-0.09301408 0.09722738 0.08629247 -0.09199307 0.01442953 -0.06726223 -0.04823408 0.20425031 -0.05762395 
-0.03094271 -0.16339276 0.05360809 0.14933663 -0.03835035 0.16026350 0.04896177 0.09282139 -0.04906680 
-0.07424692 -0.02211688 0.26070011 0.01759003 0.10186507 0.08802373 0.02625190 -0.16251211 -0.02271874 
-0.31554570 -0.54092461 -0.02964926 0.30916266 -0.04979401 0.05897893 -0.41696314 -0.08857640 -0.23771963 
-0.05032065 -0.53173277 -0.03161675 0.34984566 -0.05056243 -0.05764401 -0.51888928 -0.19063360 -0.07501915 
-0.01224533 -0.07017853 -0.12595096 0.12981307 0.10168971 -0.11393098 -0.12294451 0.03937491 0.06568156 
-0.00962309 -0.33145594 0.09867364 -0.05195224 -0.19561130 -0.07976497 -0.38158773 0.01012214 -0.13564941 
-0.09585518 -0.03708429 -0.02652279 0.00293949 -0.11120493 0.17345339 -0.01171425 0.10033150 0.01801046 
-0.12340060 -0.14803014 0.05556833 0.37866244 0.13559320 0.13293653 -0.16814498 0.03174811 0.07641835 
-0.13419544 0.08820975 0.05507877 -0.20226233 -0.00112733 0.02548439 0.09299216 0.16836979 0.01164795 
0.20364485 0.59706827 0.05432926 -0.34377383 -0.00809916 -0.00804801 0.41297624 -0.01629797 0.18035181 
0.10108445 0.56922101 -0.18839829 -0.31445733 0.11670359 0.24953536 0.63416584 -0.02921411 0.34217527 
-0.06162829 0.42939062 -0.02774331 -0.26959737 -0.00646570 -0.06773407 0.25437967 0.06568069 0.16573993 
0.15590079 0.13314032 0.10314151 -0.26041567 -0.08158621 0.02576791 0.29290345 0.03780743 0.11903755 
0.14573680 0.07216296 0.06420049 -0.23925084 -0.00312122 0.06337560 0.19067328 0.13924255 -0.02708036 
0.07215020 -0.14391709 -0.01278936 -0.17441151 0.06550820 0.02395188 -0.15393772 -0.03875057 0.17147739 
0.11011583 0.24769159 -0.01290928 -0.00275765 -0.08522852 -0.14832823 -0.10994682 0.12954980 0.11891656 
0.08961519 -0.00495568 -0.07024522 -0.14308492 0.00882726 -0.03969065 -0.05047305 -0.10790117 0.01836596 
0.08466666 0.49876417 -0.06000813 -0.04584173 -0.03920634 0.03986417 0.16243057 -0.10141515 -0.00005160 
0.18502761 0.53430274 -0.11825432 -0.01072153 0.19252232 0.06823729 0.00449371 0.04094433 -0.09675187 
-0.02380199 0.08198454 0.06261583 -0.04897355 0.08711728 -0.09278016 -0.03647731 -0.01954286 -0.03157371 
0.03155382 0.41617915 -0.01645616 -0.09865526 -0.20215154 0.04543817 0.25935453 0.04094332 0.09230468 
-0.06802569 -0.40347382 0.05854397 -0.08569684 0.04119726 0.00354763 -0.15462335 0.05647922 -0.11316831 
0.05944186 -0.05408615 0.02135057 0.07703232 0.17221216 -0.07742563 0.09959476 0.10476514 -0.09513625 
-0.14472894 -0.11797822 -0.04883078 0.08323887 -0.01561634 -0.16869892 -0.11058285 -0.23797955 -0.09615719 
0.02675250 -0.38858514 0.00834189 0.19583986 -0.02192298 -0.06011349 -0.37275654 -0.02824901 -0.08202181 
0.06221405 0.23209069 -0.04341660 -0.27462377 0.07464125 -0.02119489 0.13345786 0.02979793 0.07623073 
0.06898640 0.07679876 -0.11388335 -0.27152670 -0.10586807 -0.10216679 0.10489386 0.17170569 0.02340710 
-0.19925758 -0.57458381 -0.09224697 0.50604348 0.08970563 -0.06081389 -0.46253272 0.00281916 -0.18440785 
-0.00306157 0.06950041 0.03821574 -0.02928635 -0.03235441 0.13821537 -0.06402340 -0.05036940 -0.00133650 
-0.01738550 -0.04805542 -0.07116089 -0.03487661 0.02586818 0.09870544 -0.04995872 -0.09662334 0.01945701 
-0.02907981 -0.11918064 -0.09461341 0.22681442 0.01468604 -0.10005914 -0.12436996 0.02180460 -0.02915895 
-0.15440726 -0.48055467 0.07542057 0.32381535 0.06074319 -0.07244316 -0.38902341 -0.08771984 -0.20795272 
0.07814694 0.09353807 0.07393094 0.02363357 -0.02910376 -0.12958109 -0.11386296 0.06399327 0.21350376 
-0.00717199 -0.20947898 -0.04320796 0.27807196 0.03763165 -0.07597270 -0.06593031 -0.06739646 0.01953878 
0.08948708 -0.02653342 -0.10209378 0.04602911 -0.03203803 0.16966707 -0.01021516 0.09549041 0.03674941 
0.07642012 -0.11265272 0.14934416 0.37475867 0.09407909 -0.02653915 -0.01353911 -0.02888419 -0.07550158 
-0.24585783 -0.93612544 -0.07081765 0.84293750 0.05045937 -0.02553957 -1.01776520 -0.13204179 -0.31072186 
-0.10787231 -0.12015711 -0.09977174 0.03494391 -0.01622279 -0.05496124 -0.13424028 0.12784119 -0.12008597 
-0.05622251 -0.57863015 0.00600299 0.40351399 0.11589636 0.07614864 -0.33825653 -0.25947514 -0.12581851 
-0.17665999 0.04165648 -0.04075782 0.17713253 0.03927124 -0.02516474 -0.07210130 -0.03020108 -0.15271618 
0.14792642 0.15854987 0.05048058 -0.07768032 0.11096047 0.12252926 0.05705602 0.02145068 0.11227751 
0.00755590 0.26026386 -0.03372957 -0.27732436 -0.03825253 -0.02606052 0.31805718 -0.00209056 0.11384392 
-0.36144452 -0.77892384 -0.02459936 0.75909450 0.11645753 -0.07189879 -0.82395303 -0.08213486 -0.27666739 
-0.14831191 0.08640582 0.03154691 -0.14962058 0.12145919 -0.10293351 0.13122914 -0.07291066 0.11768767 
-0.20421395 -0.14955233 0.07092148 -0.00782181 0.15796491 0.09541217 -0.03617500 -0.09968758 -0.01652209 
-0.02838665 -0.19135499 0.09940338 0.26432469 0.02519086 0.10018366 -0.05718761 -0.00883789 -0.01660400 
-0.03563252 -0.22420882 -0.00562752 0.07085718 -0.09978609 -0.04096582 0.01400344 0.04862609 0.03818009 
0.04202977 0.24287767 0.01164363 -0.12395845 -0.02716385 -0.13622587 0.02212222 0.04419813 0.13583715 
-0.01130795 0.29027986 -0.01326745 -0.19067138 -0.13086409 0.01011397 0.06718450 0.05727926 0.23641195 
-0.14514593 -0.05317576 0.00651778 0.09416473 0.13034723 0.01039793 0.00917992 -0.16760426 -0.02132967 
-0.01216095 0.26852469 -0.00371955 0.23876932 0.23223448 0.23687574 0.23177402 -0.12028768 0.05811677 
-0.07769945 -0.17391883 -0.00077761 -0.13714780 -0.16688328 -0.17886686 0.00971022 0.04711997 -0.01056740 
-0.10887202 0.00637173 -0.06208720 -0.13354344 0.17275945 0.02697901 0.01350692 -0.24398602 0.27663224 
-0.10085206 0.20467832 -0.09970900 0.07521955 0.06302702 0.12335241 -0.01863291 -0.02305914 -0.00259487 
-0.04938273 0.07593162 -0.12799453 -0.01037865 0.13192701 0.04057902 0.19139717 -0.22959370 0.20566872 
-0.12832607 0.06994102 -0.04919121 -0.11210320 0.01761773 0.04734687 -0.18647435 0.01977371 -0.06070859 
0.15074419 0.39003372 0.02592614 0.27760854 0.31988843 0.23467640 0.19596966 -0.24004233 0.03905881 
0.04097998 0.09949782 0.02126778 -0.01664859 0.02258489 0.13177852 -0.06468036 -0.10948706 0.03275240 
-0.09543636 0.11024335 -0.06035481 0.01761677 0.07539881 -0.06846005 0.00822284 -0.07730988 0.07776586 
-0.04827833 0.29327689 -0.02883169 0.22767763 0.02647273 0.05383855 0.18477264 -0.17707611 0.12112666 
0.19265918 0.29309840 -0.02440126 0.29947273 0.16718793 -0.02981044 0.09074842 -0.11499314 0.03347572 
0.03492550 -0.16212957 0.18497628 -0.12658797 0.02941852 -0.07056827 -0.18331244 0.24057220 -0.17458232 
0.01779864 0.03976225 -0.04073125 -0.09434770 0.02422010 0.01005449 -0.10047607 -0.05149082 -0.14574496 
-0.09145589 -0.50105951 0.08366963 -0.68210520 -0.04963481 -0.09603106 -0.32608760 -0.22096275 0.03430994 
0.16773059 -0.40401955 0.05299645 -0.46834820 -0.12877769 -0.04622730 -0.27684094 -0.16287813 -0.07304636 
0.18492363 0.03283820 -0.16198162 -0.01700013 0.07476436 0.03612153 -0.04079346 -0.00182647 -0.19976924 
-0.19223215 -0.14452477 -0.09931297 -0.24519171 0.04768989 -0.02354054 -0.09939596 0.07083274 0.06312300 
-0.06206031 0.02636415 -0.07539319 -0.01495858 -0.16907777 -0.07366773 -0.27085304 0.22760654 -0.10708945 
0.17675284 -0.40785752 0.14649625 -0.58886933 0.09111027 -0.09701945 -0.30774130 -0.26944208 -0.20561107 
0.01674995 0.07997724 -0.04446167 0.10274099 0.14445819 -0.06489926 -0.07288615 0.13773491 -0.09388440 
0.03403652 -0.16054420 0.01571710 -0.02799448 -0.02909848 -0.06072069 -0.08795791 0.18769321 -0.22026398 
-0.07136856 -0.07151031 -0.06063217 -0.13057251 -0.08872518 -0.02644040 -0.50838578 0.11761565 0.48587742 
-0.31776752 -0.09196426 0.01472826 -0.34423600 -0.03594312 -0.23907497 -0.60141762 -0.18030051 0.55306409 
-0.12573628 -0.82578691 -0.05377896 -0.52152543 -0.10001163 -0.23087981 -0.28332541 0.30436531 0.41648427 
-0.00198360 -0.51732620 0.01047581 -0.50147507 -0.11597801 -0.10468058 -0.53958919 0.09459241 0.51574760 
-0.08888165 -0.76633835 -0.22359403 -0.68644366 0.16236326 0.05436550 -0.40619354 -0.19861411 0.72789512 
0.02436345 -0.66740996 -0.10453623 -0.64695207 -0.22518507 -0.08668772 -0.41161354 0.01830206 0.05098675 
0.07060020 -0.30535310 0.10432535 -0.16163539 -0.28600177 -0.09644901 -0.35258460 0.35102283 -0.04040962 
-0.09771998 -0.28230065 0.14049698 -0.24371431 -0.07391258 -0.19974468 -0.25115487 0.15996792 -0.07084023 
-0.03334517 -0.50912727 0.06283811 -0.28709269 -0.25589021 -0.11683314 -0.13572729 0.16844686 0.17500984 
0.08856789 -0.44452804 0.02012104 -0.22556979 -0.07020343 0.01551843 -0.07671444 0.17941404 0.12888744 
0.16422297 -0.42466926 -0.04588672 -0.27538869 -0.12368335 0.01413554 -0.23697542 0.11393176 0.25018096 
0.19074191 -0.48296733 -0.03440175 -0.44614229 -0.02237602 0.03084703 -0.12056876 0.04267642 -0.33920484 
0.09887680 -0.18658463 0.16237981 -0.07927810 -0.11180267 -0.08980901 -0.10771641 0.16100452 -0.16255510 
-0.01508613 -0.31237430 -0.09200264 -0.21755587 -0.18184175 0.10022495 -0.06254542 0.05279998 -0.01247335 
0.08048370 0.20194025 0.16203787 0.22890057 0.15609557 0.05983759 0.19501864 -0.24950209 0.14804025 
0.06382816 -0.27167856 -0.10252243 -0.13934438 -0.08956930 -0.05251323 -0.00212914 0.26247476 -0.26924564 
-0.26756405 0.12090367 -0.17354443 0.03862075 0.25253313 0.17266479 0.25492477 -0.41271191 0.26616130 
0.03827524 -0.17179344 -0.13255168 -0.16840381 0.02655478 -0.00695174 -0.01025114 -0.01082576 -0.28939657 
0.05361973 1.01080210 -0.02435097 1.15738485 0.01976521 0.08319960 0.83935122 -0.17781870 -0.37974605 
0.14047067 0.65972136 0.03933080 0.65098585 0.13771967 -0.07850082 0.48289237 -0.15205655 -0.57821895 
0.20673541 1.39707361 -0.27138955 1.16956819 0.50661664 0.29185431 0.68856865 -0.28872698 -0.48080852 
0.05087684 0.69744424 -0.01649130 0.68655528 0.09485667 0.12217647 0.54352910 -0.07284934 -0.58765566 
0.19951909 1.16095501 -0.06156560 1.22959863 0.30657831 0.12000112 0.85503047 -0.36209924 -0.14117413 
0.06662475 0.47842836 0.03972135 0.49499731 -0.08503586 -0.07380686 0.38503572 -0.02070526 -0.82750429 
0.33525550 -0.08448472 -0.07982277 -0.03657054 0.03346964 0.04787316 0.21184105 0.00309738 -0.61556197 
b1
-0.04615022 0.05097897 0.01252642 0.45867928 0.11108893 -0.17434221 0.74637166 -0.13758846 -0.61363582 
w2
-0.53452263
-2.14977031
-0.22685595
2.31152539
0.27845058
0.02588154
-2.22972169
-0.80568866
-1.17446388
b2
0.54076106
errfunc linear