nlayers 2
nin 137
nhidden 9
nout 1
nwts 1252
w1
0.08685853 -0.01846431 -0.04331045 0.43211976 0.14670823 0.25283153 0.21484074 0.48929439 -0.61374831 
-0.54175795 -0.01959482 -0.00364572 -0.20039983 -0.62840554 0.94006703 -0.62533218 -0.40552105 2.81552975 
0.17588174 -0.09688763 0.14509089 -0.27578843 0.31869571 -0.01833307 0.20358124 0.12983880 -0.64628358 
-0.07555883 0.14195739 -0.03707635 0.25596121 0.04492980 0.45623269 -0.19063671 0.46665733 -0.05007845 
0.13438657 -0.00507762 0.00142793 0.41358686 0.17858501 0.18316134 0.22149312 0.24559905 0.26602987 
0.01199756 -0.16605374 -0.14817754 0.53364962 0.21002464 0.34903196 0.08210971 0.65036427 0.17973194 
-0.02043158 0.17738576 0.00143819 -0.10081624 -0.04453132 -0.01574496 -0.05966070 -0.11398174 0.05363813 
0.16134292 -0.13332566 -0.04895631 0.07453514 -0.06182225 -0.05935867 0.13047204 0.09497504 0.16039202 
-0.01299273 0.12524635 -0.00359192 -0.01685427 -0.18031248 -0.12381950 0.03949310 -0.21037560 -0.39416338 
0.08425362 0.01292301 0.02946700 0.06537603 -0.12062247 -0.10709171 -0.08680945 -0.29364830 -0.02803068 
-0.07867015 -0.00078755 0.00131263 -0.26082827 0.08602767 -0.08118994 0.03832138 0.03475427 -0.04245633 
-0.06794574 0.02336402 0.00985766 0.08617349 -0.01775916 -0.09394936 -0.05301536 -0.00953924 -0.03906912 
-0.01763357 0.02273826 -0.12950255 -0.14039558 -0.07554426 0.05316789 0.12942043 0.09080719 0.01665123 
-0.58623915 0.62378233 0.05378525 -0.20925497 -0.28620667 -0.22014997 -0.39866401 -0.02787602 -2.01016896 
-0.21289510 0.01561786 -0.06652323 -0.51889044 -0.51839897 0.47510952 -0.50504872 -0.65966977 0.66885345 
-0.01658833 0.11929105 0.17448892 0.32180130 0.12154227 0.23106527 -0.01774213 0.41955627 -1.42725181 
0.01489685 -0.08147658 0.06264441 0.17872720 0.03064916 0.32190142 -0.04609637 0.11462333 0.36585471 
-0.03900992 -0.11217489 -0.08120142 -0.05678725 -0.10562271 0.00416251 -0.19213398 -0.25399208 0.89623202 
-0.09901336 -0.01567001 0.07418412 0.05506585 -0.10485861 -0.01949347 -0.18172820 -0.03432345 -0.06733919 
0.14120849 -0.08359090 -0.07012768 0.11690760 -0.01195826 0.00315257 -0.04170093 0.10202384 -0.15025435 
0.15104113 0.01465722 -0.21223487 0.04296581 0.11090605 -0.12099337 0.10372968 0.09517289 0.08517421 
-0.00007870 0.01483774 -0.11690746 -0.10227719 -0.18426236 -0.38576468 -0.18010854 -0.43944330 -0.31689739 
0.07113038 0.04564537 0.08890573 -0.13886941 -0.06605890 -0.12277119 -0.18249868 -0.05012948 -0.02242744 
-0.10954305 0.09051182 -0.11252492 -0.31447523 -0.15413315 -0.16356878 -0.07995255 -0.42026200 -0.56152952 
0.05960640 0.13575882 0.19270671 -0.10250282 -0.02574804 -0.06776700 -0.11412764 -0.23320293 -0.27600009 
0.24925539 -0.13099382 0.07312807 -0.36698615 -0.07421250 -0.23288790 0.14895235 -0.27160118 -0.46791937 
-0.54354701 0.01079267 -0.22403327 0.31177342 -0.09301038 0.71730432 -0.28860031 0.51343297 1.07383346 
-0.00533404 0.00227623 -0.16157140 -0.15066854 -0.21075445 -0.02959856 -0.09775526 -0.43406155 -0.73018259 
0.12269471 -0.07196376 0.03522038 -0.44820656 0.07225464 -0.35929025 0.11382436 -0.23904429 -0.44952095 
-0.01039361 -0.09234138 -0.09105206 0.13965805 0.13033619 0.14154092 0.00695737 0.21414433 0.44447887 
-0.21656937 -0.00684361 0.02748609 -0.18292346 -0.09976239 0.07683003 0.04104433 -0.00725397 -0.13399319 
-0.00572800 0.13472344 0.09495828 -0.05821904 -0.04096935 0.03005561 -0.06223638 -0.14873893 -0.00216356 
0.16978902 -0.19178753 -0.01983810 0.42716029 0.26378386 0.37825106 0.37386638 0.34131252 0.93347764 
-0.02457786 -0.08975209 0.06121714 0.09393981 -0.00152392 0.28516411 0.22991303 0.28820227 0.34006835 
0.20382547 -0.11486094 -0.01226812 0.03422964 0.05984786 0.09671295 0.21032310 0.01204180 0.06050761 
0.09419266 -0.08917142 0.02259507 0.04825760 0.04880234 0.09168041 0.05895082 0.23221483 0.24332027 
0.33692944 -0.49792619 -0.26200257 0.57572013 0.59200520 0.54801127 0.54820072 0.79271154 1.04710984 
0.12851496 0.05550345 -0.06524119 0.21582272 0.06715720 0.26540942 0.11935350 -0.03840704 0.24530935 
-0.06992200 0.01579394 0.06534200 0.30231454 0.16366736 0.10424847 -0.00103786 0.22249712 0.22623067 
-0.08966389 0.23256642 0.01624489 -0.11428346 -0.24689067 -0.20426763 -0.20483015 -0.22811465 -0.32086607 
-0.02114397 0.01164421 -0.09450417 -0.01103973 -0.02676027 -0.04610986 -0.02103293 0.02499474 -0.06313724 
-0.10321262 -0.06688709 -0.10920574 -0.09113745 -0.10262725 -0.10801409 0.07839152 -0.10101595 -0.18149106 
0.02684138 -0.19221892 -0.01798670 0.05979494 0.15710245 0.07582869 0.01156765 0.07005313 0.06396420 
-0.14829214 0.13714888 -0.10402293 -0.18390832 -0.28585687 -0.15022393 -0.09396868 -0.27003850 -0.49629387 
-0.08949583 0.28069239 0.00092353 -0.41484035 -0.22253067 -0.42353063 -0.22863405 -0.25289781 -0.59804585 
0.06611089 0.13350678 0.10224754 -0.25218295 -0.03377030 -0.32570753 -0.20177121 -0.24256757 -0.23049093 
0.04282357 0.10207790 0.10768364 -0.09254653 -0.19946170 0.03858031 0.01149104 -0.13981087 -0.20051130 
0.03248269 -0.11214343 0.00066395 0.05453538 -0.27598415 -0.39178071 -0.21504862 -0.03002754 0.23590971 
-0.11147386 0.16200188 0.09612549 -0.04082899 -0.21140247 -0.07990099 -0.24442025 -0.25000931 -0.29597277 
0.14516445 -0.21925033 0.02897417 -0.00302482 0.00436801 0.05854403 0.00814640 0.10360059 0.17979694 
0.13840781 -0.14714907 -0.09643093 0.10272383 0.01755144 0.09428805 0.26668333 0.28307516 0.43258837 
0.12694593 -0.01838364 -0.04324300 0.09829309 0.16146536 0.31084009 0.12693401 0.09263435 0.34692865 
-0.02627833 0.00575853 -0.09774983 0.09414954 0.10131270 0.10231376 0.22649770 0.35858531 0.17463219 
0.11278334 -0.08263397 0.02764711 0.14858737 0.05488830 0.06494775 0.07371744 0.02732231 0.27913928 
0.00897793 -0.09145136 0.21543161 -0.00218261 0.20020605 0.02420690 0.06700892 0.09172953 0.10849570 
0.10248247 -0.05794130 0.04850397 0.11283277 0.09181908 -0.43106671 0.15884383 0.10227790 -0.13485943 
0.19749723 -0.14534290 0.10951895 -0.00725250 0.20677613 0.09511012 0.06247891 0.14731909 0.14597343 
0.06182886 -0.01366264 0.14150647 -0.06446734 -0.11048402 -0.20997682 0.08938061 -0.04646768 -0.06644619 
-0.00555819 -0.09578829 -0.03256895 0.13569889 -0.11618698 0.01334975 -0.12256895 0.07425268 0.39929806 
0.11547339 -0.24355205 -0.17426400 -0.18843190 0.01146181 -0.06912604 0.05779036 -0.13892973 0.29470447 
0.02239381 -0.06951487 -0.02161911 0.02902674 0.01469019 -0.12558680 -0.03327876 -0.12066155 0.15692697 
0.06833243 -0.02050590 -0.07371395 -0.09258137 0.02454547 0.05783907 0.21048457 0.14509252 0.41043695 
-0.00090778 0.21665736 0.00099525 -0.01424250 -0.13436066 -0.11481957 0.01094077 0.01920643 -0.26849995 
-0.22348338 0.11923979 0.01624261 0.11315868 0.05878909 0.04746301 -0.00070397 0.09201840 -0.01441198 
-0.18208295 0.10289156 0.14754905 -0.05117934 -0.15477942 -0.09276858 -0.17788315 -0.20954117 -0.08319499 
-0.07000295 0.17082577 0.01770734 -0.11994289 -0.19637701 -0.22828323 -0.12900455 -0.28016569 -0.17330536 
0.03095329 -0.04488349 -0.01447043 0.25987247 0.13921194 0.21264000 0.28305456 0.18025621 0.29395229 
0.05547262 0.00765381 0.07037761 0.07409811 0.01015032 0.09188266 0.06962258 0.02696243 0.16948489 
-0.26910723 0.20582504 0.01373706 -0.31828485 -0.21909158 -0.30215820 -0.36544547 -0.31666861 -0.60896546 
-0.10101562 -0.03932495 0.07022683 0.13982495 0.00822732 -0.03523272 -0.02074349 -0.04000157 -0.03372780 
-0.10802349 0.06619624 -0.15651641 -0.17777993 0.02882835 0.17415988 -0.06423369 -0.07390338 -0.05139976 
-0.15043103 0.09177254 0.00212964 -0.14647279 -0.26285892 -0.21555665 -0.15999404 -0.13582486 -0.42513284 
-0.15611703 0.03231825 0.07918451 -0.44462522 -0.20626197 -0.18122884 -0.17242188 -0.37256200 -0.43490180 
-0.09768125 -0.02361435 0.03082285 0.02513894 -0.08580540 -0.13902734 0.03441970 0.01031262 -0.01027570 
0.01587130 -0.03024939 0.08980182 0.00328239 -0.14567492 0.04351473 -0.15896237 -0.06336417 -0.12660156 
0.00537380 -0.02301154 0.10502519 0.01763545 -0.00639457 0.01018950 -0.14441552 0.08519241 -0.00850388 
-0.09291588 0.10258983 0.01433127 0.08872942 -0.04701001 0.14604958 -0.01532255 -0.08265636 -0.03875187 
-0.16546572 0.32442166 0.06198556 -0.64814016 -0.40708752 -0.51453794 -0.42489881 -0.65384134 -1.19429695 
0.02549568 0.09207681 -0.16974167 -0.03874596 0.11369450 -0.12197414 0.05663709 -0.09697834 -0.22066216 
-0.27008723 0.10279995 -0.15922105 -0.03547674 -0.11950402 -0.12126642 -0.40882069 -0.15073113 -0.41853390 
-0.21285077 0.00325618 -0.09541516 -0.15875010 0.02393140 -0.12211585 0.11847880 -0.08901426 -0.15410636 
-0.05838401 -0.00152328 0.06153614 0.15493526 0.30377032 0.00098103 0.06112141 0.14514253 0.18628502 
0.13263961 -0.18812661 -0.03532631 0.23137546 0.13869744 0.04080685 0.14930719 0.05791842 0.27219296 
-0.27435169 0.24100767 -0.09075491 -0.61722477 -0.46761012 -0.42058512 -0.57797876 -0.62753701 -0.82627096 
0.12850319 -0.30303796 -0.06662417 0.04965194 0.14032472 0.03459263 -0.05329445 0.15927078 0.10753223 
0.00510108 -0.01611298 -0.01166634 0.09278043 -0.01346326 -0.05627312 -0.04554543 -0.14329388 -0.02231157 
-0.09556862 0.11712455 0.01663422 0.01796286 -0.06016656 -0.11490682 -0.04805281 -0.09453725 -0.14740505 
0.01753496 0.12611253 0.00659653 0.00945191 -0.13016607 0.06086917 -0.05937293 -0.04814278 0.22572256 
0.04160263 -0.05171841 -0.08885544 0.14528923 -0.02519263 0.01710698 0.14334669 0.04156965 -0.01227746 
-0.01189728 -0.06714935 0.08362662 0.06546548 0.00816278 -0.11138998 0.05038200 0.14495840 0.19842132 
-0.04019714 0.15970349 0.04186987 -0.12758441 -0.20702203 -0.09737722 -0.07509346 -0.02680776 -0.17451562 
-0.09203920 0.20089204 -0.02509938 0.19873838 0.00281501 0.05716697 -0.16137057 -0.01208260 0.15333314 
-0.11774440 0.22058056 -0.00854236 -0.22999375 -0.02784072 0.01248626 -0.08016968 0.23261599 -0.01525867 
-0.12491753 0.14106199 0.06783230 0.39711555 -0.12662049 -0.20322453 -0.16998094 0.14634442 0.03677256 
-0.06930315 0.27359025 -0.07007783 -0.24135801 0.03337938 0.13722690 -0.14843057 0.05372354 0.13134688 
-0.07063567 0.06541126 -0.06746857 0.20298349 0.01462748 0.37846454 -0.11307771 0.15438515 -0.10368325 
-0.10514047 -0.06327822 0.08341999 0.08461739 0.10964122 -0.08562928 0.06168100 -0.10191555 0.04343158 
-0.11548878 -0.10034539 0.02627063 0.16743411 -0.05804665 -0.13562944 -0.22220697 -0.16608864 0.29967188 
-0.17529395 -0.07185947 -0.03545937 -0.07589453 0.04073438 -0.06198316 -0.00891568 0.18850634 0.00603325 
-0.01333072 0.00255705 0.15698632 -0.06174825 -0.02919194 -0.30256044 -0.09626993 -0.11425261 0.28182898 
-0.21652447 0.09094071 0.02914836 0.24044189 -0.06769701 0.35289109 -0.06773285 -0.03008787 0.10539926 
-0.10280513 -0.09618525 0.07310913 0.01716408 0.05239070 -0.01278986 0.09414318 -0.18000655 0.12588083 
0.18345209 -0.06246445 0.05199041 -0.26347259 0.35841245 0.03690797 0.36360292 0.13200251 -0.37303203 
-0.06013663 0.08975829 -0.11452656 0.24766000 0.10960360 -0.27771170 -0.11159587 0.12760931 0.02030249 
-0.14266397 -0.05362141 -0.08315248 0.13787367 -0.08053939 -0.30827178 -0.17995843 0.66744477 -0.32201562 
0.08645127 -0.05654757 0.09996228 0.03500476 0.03995293 -0.05574662 0.07162510 0.12473427 -0.21336388 
-0.02895239 -0.07826477 -0.11524608 -0.22449380 0.13276783 -0.10393722 0.08921597 0.23688916 -0.13436192 
-0.13907615 0.21903906 0.25019654 0.53978579 -0.37597276 -0.05970811 -0.32826245 0.46467269 -0.13418616 
0.16864496 -0.12592442 -0.09386075 -0.49746501 0.39240986 0.00416337 0.01635735 0.03015873 -0.12452162 
0.04875835 0.10694110 0.03906451 -0.51606060 -0.04634235 0.16629718 0.12449997 0.79532466 -0.56407384 
0.01714221 -0.01575877 -0.04499663 0.14974557 0.02799370 -0.22785020 0.12179976 0.01143227 -0.06739404 
0.14596493 -0.03371526 -0.06953536 -0.24247876 0.06068831 0.06516287 0.28786853 -0.07986967 -0.22262720 
0.02893423 0.13163827 0.06030039 0.46459985 0.09986659 -0.67377090 -0.08905071 -0.07104593 0.20993850 
-0.13538325 0.17432206 0.14827489 0.56484196 -0.01889843 -0.65530047 -0.10082862 0.07637056 0.09968375 
0.16699656 -0.16138979 -0.04511742 0.45590860 0.38845983 -0.15453849 0.21649285 0.45130065 -0.70599563 
-0.01917962 -0.00590650 0.08372388 0.31138759 0.28808874 -0.51289471 0.11363129 0.34758447 -0.27855818 
0.15580967 -0.07220481 -0.04922741 0.74478146 0.22401017 -0.39972596 -0.22851405 0.26556294 -0.38437852 
0.01555300 0.10912315 -0.00525342 -0.15900906 0.25881528 -0.36470348 0.19566918 0.50524613 -0.37235652 
0.19507804 0.01721114 0.02445386 -0.31358755 0.18708543 -0.05878221 0.19827037 0.21142999 -0.29827917 
0.19196887 0.04999916 0.00713416 0.00181191 0.14533938 -0.14425784 -0.15357488 0.05454175 -0.07364293 
0.02950561 -0.12052878 -0.00948397 0.26497071 0.35245532 0.13820933 0.23881290 0.36416955 -0.57438882 
0.28838709 -0.06054576 -0.02658839 0.13915765 0.18989342 -0.23983844 0.18662437 0.39691509 -0.46347970 
0.10913155 -0.08008433 0.01998940 0.41537911 -0.14917404 -0.15724279 -0.05879507 0.22374994 -0.18719320 
-0.03630623 -0.00128660 -0.05303457 0.04409253 0.13005149 -0.24726545 0.03300601 0.52228373 -0.32691923 
0.10090408 -0.31393373 0.05966920 -0.11215925 0.08611065 0.10018089 0.20122855 0.22723192 -0.32627028 
0.29131112 -0.01486000 0.01821907 -0.18678624 0.27098794 0.19199747 0.22715633 0.00328283 -0.25054547 
-0.10449797 0.09661935 0.04981400 0.28744148 -0.05210243 0.01744941 -0.12869587 -0.11070865 0.20726692 
0.01585047 -0.14806265 0.19691384 -0.16984449 0.00102862 0.16228511 0.02081695 0.29073590 -0.26827139 
-0.08254705 0.40394423 0.01311016 0.26160912 -0.36321302 0.83034781 -0.34208286 -0.26884515 0.22889127 
-0.31231664 0.08959370 -0.03937144 -0.32954035 0.14913142 0.04327764 -0.14366258 0.14135372 0.05467199 
0.01714499 -0.16096424 -0.08355918 -0.72361724 -0.30765326 0.71112075 -0.20333276 -0.73612903 0.71427411 
-0.10803534 0.02370159 -0.05510359 -0.71552501 -0.27345366 0.41063774 -0.09930290 -0.40747839 0.55567346 
-0.14756159 0.03359222 0.06604737 -0.53175551 -0.34600947 0.52742920 -0.29190444 -0.74675142 1.04429177 
-0.19208073 -0.33573132 0.04104395 -0.69411705 -0.54763426 0.27957540 -0.00936305 -0.34393398 0.57498388 
-0.09752256 -0.42692201 -0.06142207 -0.47040844 -0.59830316 0.59584050 -0.36450644 -0.98209522 1.00971152 
-0.10783363 -0.11637437 0.01967290 -0.95040337 -0.20258752 0.14735675 -0.02919297 -0.26491512 0.44040205 
0.05077227 -0.17332940 -0.02668960 -0.46434465 0.09334034 0.22650474 -0.18769290 0.23914413 -0.15445201 
b1
0.21425570 -0.80104559 0.03613766 -1.01441020 -0.84665071 0.90727191 -0.22447365 -0.84766581 0.19080262 
w2
-0.62933878
0.62243756
-0.10848477
-1.58769264
-1.01824223
-1.77347843
-0.71501387
-1.66841613
-2.25429012
b2
-0.16097450
errfunc linear