nlayers 2
nin 137
nhidden 9
nout 1
nwts 1252
w1
0.08648459 -0.26074420 0.08980035 -0.07431017 -0.23244996 -0.23670665 -0.15386628 -0.55745900 0.00337269 
0.99285918 2.15749075 0.02626463 0.22661192 -0.02779169 0.51393286 0.18221494 -0.17616252 0.09515763 
-0.51709970 -0.52232645 0.13912845 -0.11619684 -0.11080204 -0.17083219 0.07560746 -0.02202277 0.11627618 
0.42710363 0.01817167 0.11392343 -0.05960264 -0.10368443 -0.09283125 0.04423551 -0.45471519 0.01500819 
-0.06133676 0.09160093 -0.16500207 0.03867663 -0.21576981 -0.02190327 -0.00540205 -0.33249103 -0.19034816 
0.26093607 0.08386198 -0.13273824 0.00601770 -0.19223813 -0.08233257 0.03855004 -0.59899058 -0.13336729 
-0.02304528 -0.01221132 0.00381440 0.02430083 -0.01377476 -0.09109104 0.05297429 -0.11797012 0.04647682 
-0.13474843 0.08544336 -0.04663406 -0.09233008 -0.12444485 0.08128437 -0.02493799 -0.10057521 -0.01426409 
-0.19103412 -0.29868143 -0.07510978 0.01645495 0.28276148 -0.11860682 -0.10108720 0.49744881 0.07878694 
0.04523035 -0.08118884 -0.08646335 0.13127179 0.06414121 -0.02904907 0.10327485 0.03040250 -0.07740042 
0.02242943 0.12223534 0.01914677 0.09013100 0.01358524 0.02495728 -0.01378785 -0.06111595 -0.11615908 
-0.09716050 -0.06409318 -0.10925112 0.05390769 -0.06341225 -0.14282126 0.08359635 0.00310235 0.11646379 
0.11699751 0.06272788 0.20245022 -0.04436266 0.03904384 -0.03258152 -0.03371366 0.11395604 -0.02230559 
0.43097662 -1.23225936 0.30317300 -0.21474427 0.68743118 -0.68080750 -0.08471161 0.53216393 0.22507806 
0.31088634 0.59735182 -0.05548777 0.00765252 -0.10073093 0.23225542 0.11938330 0.73914608 0.03004008 
0.01904307 -0.79408723 0.13325855 -0.01483361 0.04071179 -0.34493664 -0.05134816 -0.13995827 0.13837320 
0.10893041 0.25854490 -0.20575520 0.02973911 -0.03598031 -0.00503976 0.08066552 -0.08652508 -0.04218288 
0.04653791 0.63177329 -0.19184608 0.15247259 0.08565887 -0.13168098 0.27168258 0.02661458 -0.00922642 
-0.04209544 -0.22223630 0.15822847 -0.02922046 0.17628125 -0.04691202 0.07204516 0.21095917 0.07075579 
-0.09781937 0.02815783 -0.09976123 0.06904798 -0.07670864 0.02912157 0.13533953 0.05127100 -0.15139533 
-0.06392505 0.19367873 -0.10292761 0.12427864 -0.02296854 0.19478472 0.12841941 -0.02283903 0.00173482 
-0.09656974 -0.37052596 -0.20879895 -0.04584301 0.13306866 -0.12475301 0.03192712 0.29490374 -0.03735539 
-0.00190428 -0.01741774 0.19472492 0.04612677 -0.07404128 -0.09915168 0.05712408 0.00709825 -0.03510857 
-0.19601262 -0.40376232 -0.07213068 0.04259684 0.12115081 0.04723452 0.03815007 0.50478809 0.10681470 
0.00215428 -0.16529916 -0.06683528 0.04332345 0.11641297 -0.18306212 0.03293789 0.01342643 0.10021421 
-0.44270476 -0.61596949 0.04429373 0.02823072 0.15121917 -0.00455062 -0.11131598 0.38597211 0.15408367 
0.46088421 0.64051572 -0.03137082 0.08428694 -0.17217428 -0.07515644 -0.08427352 -0.61474782 -0.08454163 
-0.26477739 -0.38906553 0.07488970 0.03200924 0.23779889 -0.07617497 -0.04078500 0.42931107 0.25485485 
-0.34898048 -0.42688799 0.05754153 -0.18741810 -0.01324031 0.14528282 -0.02525817 0.32361447 -0.00798430 
-0.16119864 0.17981789 0.05124048 -0.05569479 -0.25043114 0.12977182 -0.13761440 -0.29496279 -0.05841116 
-0.07915283 0.00475535 -0.01072916 0.11373162 0.18595439 -0.18336581 0.09483515 0.12729671 0.01671237 
-0.06144551 -0.13795564 -0.16990118 0.18680203 0.16056776 0.12405034 0.08661400 0.00567204 -0.05439482 
-0.11071457 0.42756132 -0.04003090 0.05886732 -0.43377765 0.26004693 0.14669617 -0.68278224 -0.16524127 
-0.07884573 0.10850982 -0.00749993 -0.01141394 -0.14588714 0.06827293 -0.07090597 -0.18562682 -0.13140171 
-0.18271756 0.07973009 0.01061678 0.08202413 -0.16819640 0.05200541 -0.04328882 -0.16158825 0.02870720 
0.01028791 -0.09931777 -0.11441618 -0.06752700 -0.09979340 -0.08707859 0.08949273 -0.02323525 0.02336778 
-0.33487674 0.87050535 -0.18520109 -0.06434749 -0.67097060 0.45295216 -0.19201100 -1.10780555 -0.28763696 
0.22940142 0.15151971 0.04900856 0.06864967 -0.18505273 -0.16611655 0.12225703 -0.29304126 0.01136716 
0.09653103 0.16813829 0.01554623 0.14176794 -0.00356564 -0.12433004 0.11430875 -0.45930789 -0.01168838 
0.04585415 -0.09448329 -0.06422770 0.02359356 0.37012221 0.03542664 -0.05011064 0.25128559 -0.03494699 
0.05794386 -0.11885523 -0.03377003 -0.14253917 -0.12483126 -0.06549298 -0.00060339 -0.01236091 0.13548254 
0.07550634 -0.08561857 0.00894032 -0.02754764 0.08497971 0.03226887 -0.05679471 0.14731218 -0.02577058 
0.06283366 -0.05054315 -0.07849050 -0.12841645 -0.08682886 -0.07582503 0.06954020 -0.09634235 -0.18662716 
0.04585611 -0.12206781 0.11005552 -0.06045124 0.21596346 0.03968186 0.04875610 0.04324444 0.04957629 
-0.12799426 -0.30553017 -0.01766837 0.00859193 0.31318646 -0.19506021 -0.02542441 0.50330211 -0.09314003 
0.00167889 -0.13388190 -0.11450122 -0.02595631 0.28804647 0.06806685 -0.03140826 0.36363629 0.04155281 
-0.19455776 -0.13434179 0.05713515 -0.03382318 0.08495548 0.05610176 0.01785903 0.06333845 0.16928542 
-0.16141818 0.12158400 -0.02495072 0.03846867 0.11009464 -0.05806616 -0.07665676 0.09031363 -0.03983620 
0.01507043 -0.22838404 -0.09816810 -0.00810555 -0.02706009 -0.11228676 0.03425180 0.17802800 -0.01126369 
-0.00941762 0.17795224 0.10211561 0.09599703 0.07278617 0.18912923 -0.01285736 -0.16321587 0.02781721 
0.02112132 0.25299838 -0.19281019 -0.15830686 -0.28278673 0.18191222 -0.03974760 -0.53373683 0.02380803 
-0.07939187 0.27640678 -0.15717855 0.01184169 -0.11039324 -0.03076986 0.00856235 -0.38534928 -0.19376023 
-0.15796740 0.32429305 -0.05993769 0.09417498 -0.16490800 0.10479375 0.02335378 -0.26998246 0.03934948 
-0.19409191 0.26913843 -0.01924838 -0.00510461 -0.17558701 -0.06920851 -0.07794600 -0.22701011 -0.07652305 
-0.10253562 0.02881815 -0.01314756 -0.04687613 -0.06076106 -0.00354557 0.09104867 -0.22514686 0.07625412 
-0.36687849 0.02451945 0.08483487 0.00881233 0.28191306 -0.39220603 0.04569117 -0.09111143 -0.00835853 
-0.29871683 -0.06966419 0.03533837 -0.10630520 -0.11593768 0.13579872 -0.00256041 -0.14677730 -0.13643666 
-0.09359098 -0.11923342 -0.09119546 -0.05488113 -0.09048290 -0.11437714 -0.05304984 -0.02738899 0.03888115 
0.11748652 0.33897779 -0.04581724 0.00652804 -0.05184884 0.01974856 -0.00173595 -0.07947459 -0.07333512 
-0.32124541 0.13685880 0.07074776 -0.00442179 0.02728485 0.13207747 -0.10017998 0.05438547 0.06638069 
-0.01604999 -0.05760809 -0.04988632 -0.11009370 -0.01722969 -0.09651747 -0.04855023 0.09384125 0.01705759 
-0.16675560 0.07713760 -0.09801092 0.04194199 -0.10986843 0.05106052 -0.08058395 -0.05651889 -0.09634157 
-0.07384440 -0.03749542 -0.11442301 0.02353779 0.06156674 -0.03881103 -0.04940062 0.08987647 0.08508160 
-0.06019137 0.21160528 0.11123775 0.06771889 -0.03386610 0.05497794 -0.05134955 0.06087813 0.26468406 
-0.00657778 -0.16698163 0.20941513 -0.11998167 -0.00577028 0.01864494 0.01878169 0.31473565 0.16426715 
-0.00234481 -0.28080702 0.03821228 0.09427058 0.31142188 -0.04102796 -0.13623988 0.25553829 0.05115821 
0.05073106 0.12652561 -0.23116945 0.02005783 -0.23949635 -0.01258923 -0.16221881 -0.18098803 0.17610519 
0.19450584 0.13212364 -0.02655442 0.02673164 -0.06766610 0.00322796 -0.04437173 -0.07436492 -0.01043243 
0.22214986 -0.36354844 0.10943033 0.08860380 0.43442387 -0.14851303 0.15989385 0.35262378 0.09935398 
0.06942191 0.08127950 -0.07184013 0.14437273 -0.02356547 -0.07568511 0.09971157 0.08828457 0.06588360 
-0.16367163 -0.04521944 0.13962618 -0.00323011 -0.09360899 -0.03096717 0.18358359 0.08581456 -0.15495682 
0.16368141 -0.25244233 0.14820806 -0.15740368 0.17390012 0.04466561 0.04454391 0.11629341 -0.00427207 
0.09650362 -0.36517469 -0.06145622 -0.03309579 0.28312018 -0.01807474 0.12159480 0.39130215 0.24638570 
0.13421468 0.04541744 0.01292303 0.02927309 -0.05156885 -0.07397527 0.08150930 -0.03249183 -0.15887112 
0.05556639 0.00734024 0.02828050 -0.03444291 0.16195968 0.02400828 0.09358562 0.16638188 0.05353543 
-0.02959900 -0.00754256 0.06070753 0.04436570 -0.02399030 0.16225322 -0.02397609 0.02759746 -0.02581992 
0.23040048 -0.02410029 0.16186312 -0.10440565 -0.16142372 -0.07624731 0.06008122 0.15857085 0.02473214 
0.06191280 -0.67582404 0.15569402 -0.02170452 0.48769813 -0.26686123 0.07882933 0.94244216 0.10195280 
0.04069722 0.05007737 0.04582185 0.05298849 0.01012590 -0.06825473 -0.09604872 0.14015611 -0.06367110 
0.08927116 -0.20866625 -0.04298980 -0.05610184 0.11334937 -0.02777071 -0.02998839 0.22493548 0.12491903 
-0.12628397 0.01958281 -0.16901843 0.07324097 -0.00709788 -0.06070343 0.00577379 0.09687067 -0.01996831 
-0.06774093 0.32295286 0.06475759 0.01005094 -0.30318617 -0.00983611 0.01619187 -0.19058271 -0.03487368 
-0.09600970 0.09358775 0.09926515 0.02192822 -0.08578273 0.08097015 -0.03039571 -0.27145720 -0.02921049 
0.12353751 -0.68705030 0.07177202 0.02501899 0.46397108 -0.36623415 0.00208401 0.73809317 0.12614461 
0.02378434 0.12078125 0.06268519 0.09264464 0.05914461 -0.01829246 -0.10843702 0.14923466 -0.04521510 
-0.10571018 -0.00393946 -0.01880770 0.00355236 0.11358047 -0.02056789 -0.09228556 0.09414919 0.04573023 
0.01903565 -0.14297631 0.01714473 0.03031625 0.07874759 0.02699010 0.07624877 0.18335327 0.03489482 
0.03338044 -0.03711467 0.07077992 0.06275051 -0.06013739 -0.05194802 -0.01659872 -0.09993750 -0.12597851 
0.02349366 0.21076829 -0.01097817 0.08477270 0.09004188 0.04766203 -0.10908567 -0.02963612 -0.14014878 
0.03861779 0.17863330 -0.18411475 -0.00845570 0.01791055 -0.00584017 -0.11505250 0.06810036 0.00784902 
-0.11999261 -0.13661401 0.07044822 0.21081026 0.06603322 -0.15616352 -0.03883178 0.11259114 0.02975799 
0.29241687 0.09730657 -0.12633427 0.02317706 -0.02416658 0.00616170 0.01727683 -0.13824178 0.02463477 
-0.00973651 -0.04471285 -0.01248732 0.02235006 0.26441079 0.09195952 0.00147380 -0.21449733 -0.14501409 
-0.15694336 -0.02468208 0.05198316 -0.09994490 0.09642839 -0.28591456 0.10810845 -0.22390908 0.01851707 
-0.00654179 0.19423830 -0.10508429 0.02843132 0.04882596 -0.16328822 0.04079103 0.05269245 -0.00239490 
0.27779954 -0.04565795 0.00910177 0.22006311 -0.32740751 -0.19732628 -0.03069637 -0.12779392 -0.10594858 
-0.02036398 -0.07594896 -0.11977280 0.04963810 0.19028993 0.03571088 -0.08174024 -0.18047749 -0.07562614 
0.14791080 0.15151193 0.02281965 -0.02660313 -0.13098654 -0.08904118 0.06531178 -0.03173735 -0.06255176 
-0.00581998 0.01856210 -0.03462170 0.02536604 -0.00801110 -0.06701711 -0.05037284 -0.10023853 0.07237433 
0.01170377 0.26142875 -0.11089609 -0.05049228 0.21791455 0.02147929 0.05355839 0.06623802 -0.03456396 
0.25542158 0.12278840 -0.10363188 0.20753381 -0.27518080 -0.32673215 -0.08746188 0.01008960 -0.21093154 
0.00641967 0.05052121 0.03871866 0.00843239 0.14429519 0.21025583 0.09290788 -0.05486695 0.04698048 
-0.28275592 -0.20857763 0.03756782 -0.12653591 0.00698246 -0.08575944 -0.10262199 -0.15535190 0.10321963 
-0.11885566 -0.16300257 0.14340823 -0.12258105 0.14121696 0.05545693 -0.02455448 -0.30067316 0.17680592 
-0.33761780 -0.32716981 0.31604658 -0.16703073 0.22325797 -0.31069636 0.06286157 -0.53760654 0.13437820 
-0.13853041 -0.27324644 0.18725203 -0.16220504 0.09889179 -0.11464598 -0.15513860 -0.34042546 -0.17669100 
0.01451924 0.03862240 0.11066228 -0.00116880 0.03477467 -0.03919639 0.00830352 -0.08695474 0.06448560 
-0.13370758 -0.20404202 0.07108474 -0.02835186 -0.07254770 -0.40571254 -0.02306677 -0.31750405 0.00354870 
-0.03112492 0.05015766 0.11116632 0.01101821 0.09147682 0.04099955 0.00783394 -0.00315680 -0.07720376 
-0.37688979 -0.71044374 0.15036516 -0.20668483 0.10057137 -0.21423218 -0.12844140 -0.73351592 -0.08734393 
-0.12524127 -0.07876218 0.03903272 -0.02647000 0.22573066 -0.00878248 0.03743647 -0.17549408 -0.05023656 
-0.21661942 -0.13958880 0.03966804 -0.11738549 -0.05950880 -0.14009239 -0.02672476 -0.00978243 0.17867663 
-0.07294187 0.13911284 0.12071098 -0.03233089 0.09212812 -0.11491951 -0.06817086 0.04447320 0.10601534 
-0.14734434 0.11246568 0.09129604 -0.10050448 0.29251402 -0.39260196 -0.01862895 -0.09651384 -0.04705115 
-0.32066394 -0.75900806 0.14828711 -0.26226682 0.10434804 -0.54244390 -0.29280717 -0.78910658 0.11211070 
-0.51308590 -0.44010939 0.07551629 -0.06346158 0.31523743 -0.35954255 -0.05385814 -0.52881107 0.06587592 
-0.79017703 -0.73806289 0.37208626 -0.46867831 0.53413366 -1.08083141 -0.28986151 -1.00938650 0.12780566 
-0.56701504 -0.40846224 0.19849168 -0.11303146 0.25232593 -0.17328226 0.05414518 -0.40217352 0.11148072 
-0.45268597 -0.34327820 0.09127346 -0.20349973 0.02967374 0.15676019 -0.16248689 -0.11328255 -0.03556334 
-0.18928664 -0.12305232 -0.02093769 0.08075650 -0.12564552 -0.07094368 0.05672728 0.02499771 0.08968418 
-0.05854277 -0.37438171 -0.00751160 0.03895524 -0.07138365 -0.16180750 0.02031727 -0.32188926 -0.09985371 
-0.21542442 -0.53580014 -0.13324265 -0.07373405 -0.10700774 -0.10893981 -0.24568240 -0.35117673 -0.12635773 
-0.19810007 -0.24933330 0.14245929 0.04752603 -0.11015638 -0.22990964 0.00446173 -0.20528037 0.06590883 
-0.08575061 -0.15934735 0.01211330 -0.00482730 0.06338217 -0.07094132 0.11255500 -0.17644063 -0.02022658 
-0.06314849 -0.25180491 0.02222108 0.07236294 -0.05394770 0.07030901 0.05413146 -0.16290898 -0.12932172 
-0.06731391 -0.29872956 -0.06128593 -0.06336788 -0.12270309 -0.11077669 -0.00548575 -0.21245639 0.03881280 
0.19617441 0.26074357 -0.01124451 -0.00378345 -0.06616014 -0.08809143 0.09570482 0.12668979 -0.02915631 
-0.03184921 -0.20187472 0.01975158 0.16980059 -0.12174800 -0.02986141 -0.13102120 -0.09998223 -0.03296675 
0.31904920 0.06464320 -0.04293824 0.07059953 -0.14087287 0.01573922 0.02769937 -0.00622057 -0.13460675 
0.08530215 0.05502995 -0.05653467 0.02061921 0.14092595 -0.02993114 0.18730316 -0.06117171 0.11011251 
0.37408872 0.89936949 -0.29154837 0.11455058 -0.05617031 0.46972393 -0.04733882 0.89393257 -0.01337856 
0.29505346 0.68582879 -0.16174491 0.11978239 -0.09445408 0.45795113 0.16390294 0.68276395 0.17917047 
0.35416726 0.86379352 -0.09470945 0.11774301 -0.24678405 0.40473431 0.13801027 0.78759732 -0.14307072 
0.47749093 0.73772265 -0.14968638 0.26112904 -0.35659928 0.28051839 0.18485902 0.77605550 0.04975676 
0.94978808 1.14327430 -0.38631038 0.31634225 -0.63405517 0.58190430 0.29533736 1.22002464 0.07731580 
0.09457621 0.61920589 0.17143879 0.18793975 -0.01648921 0.40095438 0.10239033 0.65583111 0.11886283 
0.34944812 -0.12961572 0.26670871 -0.01774528 0.01492816 0.84804844 -0.02483020 -0.12543242 0.33357704 
b1
-0.62557720 0.31906669 0.17439299 -0.17937765 -0.34146795 -0.66202052 0.01698273 0.79883315 0.29240584 
w2
1.16041124
-2.59153463
0.41242046
-0.10539325
1.40088468
-0.74927961
0.10654617
2.59181826
0.38871307
b2
0.42306502
errfunc linear